sync: 27.52734112739563
threads: 51.79324650764465
multiprocess: 7.155864715576172
