sync: 45.99047322600018
threading: 102.7917329869997
multiprocessing: 13.475028724000367
