sync: 110.53817343711853
threads: 213.54685854911804
multiprocess: 35.382638931274414
