sync: 49.85072588000003
threading: 93.2686981830011
multiprocessing: 13.935836332999315
